height <- c(180, 172, 140, 210)
height <- height / 100
weight <- c(45, 65, 82, 110)
BMI <- (weight)/(height**2)
BMI
